# Version 1.00
#
freq[Hz];Trc1_S11[dB];
1.000000000000000E+007;4.442795995592402E-001;
1.299299299299299E+007;4.033590491957833E-002;
1.598598598598599E+007;-4.236605001773827E-001;
1.897897897897898E+007;5.731589819380409E-002;
2.197197197197197E+007;-4.527222867722887E-001;
2.496496496496496E+007;1.816990597234542E-001;
2.795795795795796E+007;-2.644599761600764E-001;
3.095095095095095E+007;-3.024259909585784E-001;
3.394394394394395E+007;-6.145133352611910E-001;
3.693693693693694E+007;-6.915503034499448E-001;
3.992992992992993E+007;-7.015507205247551E-001;
4.292292292292292E+007;-4.138425309623884E-001;
4.591591591591591E+007;-4.382833875758444E-001;
4.890890890890891E+007;-4.343169082616192E-001;
5.190190190190190E+007;-3.805277469586460E-001;
5.489489489489490E+007;-3.905139886730175E-001;
5.788788788788789E+007;-4.124952714737369E-001;
6.088088088088088E+007;-4.101213844158427E-001;
6.387387387387388E+007;-5.595803312876377E-001;
6.686686686686686E+007;-4.410571960592456E-001;
6.985985985985985E+007;-2.507315113227696E-001;
7.285285285285285E+007;-4.180420825056020E-001;
7.584584584584585E+007;-5.348024553657297E-001;
7.883883883883885E+007;-4.109594459019816E-001;
8.183183183183183E+007;-4.053559607338950E-001;
8.482482482482483E+007;-3.874276615427484E-001;
8.781781781781782E+007;-4.540750450871495E-001;
9.081081081081080E+007;-4.478359427621089E-001;
9.380380380380380E+007;-4.357157930060335E-001;
9.679679679679680E+007;-4.641168066440883E-001;
9.978978978978980E+007;-3.994177278423479E-001;
1.027827827827828E+008;-4.094938317546221E-001;
1.057757757757758E+008;-5.208430264610797E-001;
1.087687687687688E+008;-3.868164835328134E-001;
1.117617617617618E+008;-4.707124068876670E-001;
1.147547547547548E+008;-4.839735474089462E-001;
1.177477477477478E+008;-3.935284998745401E-001;
1.207407407407408E+008;-4.215893078217904E-001;
1.237337337337337E+008;-3.617057626711623E-001;
1.267267267267267E+008;-4.147979379517207E-001;
1.297197197197197E+008;-3.180522450840208E-001;
1.327127127127127E+008;-4.252624705019666E-001;
1.357057057057057E+008;-3.928257940857396E-001;
1.386986986986987E+008;-3.932436125927049E-001;
1.416916916916917E+008;-3.794201282186172E-001;
1.446846846846847E+008;-4.247705182289684E-001;
1.476776776776777E+008;-4.200165515874494E-001;
1.506706706706707E+008;-4.430523699248701E-001;
1.536636636636637E+008;-4.270795487228329E-001;
1.566566566566567E+008;-3.760382534079362E-001;
1.596496496496497E+008;-3.564365778558658E-001;
1.626426426426427E+008;-3.631101818769405E-001;
1.656356356356356E+008;-3.782328116026941E-001;
1.686286286286286E+008;-3.574796888706591E-001;
1.716216216216216E+008;-3.143479320503385E-001;
1.746146146146146E+008;-3.737472826253537E-001;
1.776076076076076E+008;-3.548372445171481E-001;
1.806006006006006E+008;-3.536618274941832E-001;
1.835935935935936E+008;-3.819178621722409E-001;
1.865865865865866E+008;-3.580226979029563E-001;
1.895795795795796E+008;-3.847485082553792E-001;
1.925725725725726E+008;-3.638975233622653E-001;
1.955655655655656E+008;-3.676811132414401E-001;
1.985585585585586E+008;-3.789888641109724E-001;
2.015515515515516E+008;-3.706941122981093E-001;
2.045445445445446E+008;-3.602379776404572E-001;
2.075375375375375E+008;-4.106277478875100E-001;
2.105305305305305E+008;-4.164216326665538E-001;
2.135235235235235E+008;-4.024432919696449E-001;
2.165165165165165E+008;-4.442448715914600E-001;
2.195095095095095E+008;-4.243419164709432E-001;
2.225025025025025E+008;-3.862876931849417E-001;
2.254954954954955E+008;-4.595187436288366E-001;
2.284884884884885E+008;-4.509293357867772E-001;
2.314814814814815E+008;-4.351573381912962E-001;
2.344744744744745E+008;-4.395571556406531E-001;
2.374674674674675E+008;-4.985910281241250E-001;
2.404604604604605E+008;-4.989738242082619E-001;
2.434534534534535E+008;-5.203892367807697E-001;
2.464464464464465E+008;-5.522552761161915E-001;
2.494394394394395E+008;-5.660624659097905E-001;
2.524324324324324E+008;-5.316596778948646E-001;
2.554254254254254E+008;-5.895970337933906E-001;
2.584184184184184E+008;-5.872490066938719E-001;
2.614114114114114E+008;-6.204482959295253E-001;
2.644044044044044E+008;-5.952194108191565E-001;
2.673973973973974E+008;-5.868961939773577E-001;
2.703903903903904E+008;-6.464895024382353E-001;
2.733833833833834E+008;-6.614397329714654E-001;
2.763763763763764E+008;-6.741960279493653E-001;
2.793693693693694E+008;-6.969447415831948E-001;
2.823623623623624E+008;-7.314534728368020E-001;
2.853553553553554E+008;-7.336395324325814E-001;
2.883483483483483E+008;-7.184006058355131E-001;
2.913413413413413E+008;-7.516964077402094E-001;
2.943343343343343E+008;-8.061456524376937E-001;
2.973273273273273E+008;-8.017523219555645E-001;
3.003203203203203E+008;-8.022787401133268E-001;
3.033133133133133E+008;-8.323830892911782E-001;
3.063063063063063E+008;-8.645172733181125E-001;
3.092992992992993E+008;-9.122307046221569E-001;
3.122922922922923E+008;-9.163669162459557E-001;
3.152852852852853E+008;-9.520971140482483E-001;
3.182782782782783E+008;-9.526241134019098E-001;
3.212712712712713E+008;-9.809647797542098E-001;
3.242642642642643E+008;-1.037388460542057E+000;
3.272572572572573E+008;-1.068981863870689E+000;
3.302502502502502E+008;-1.091267869143980E+000;
3.332432432432432E+008;-1.128198674923773E+000;
3.362362362362362E+008;-1.180095834262712E+000;
3.392292292292292E+008;-1.227564226482499E+000;
3.422222222222222E+008;-1.241840112306172E+000;
3.452152152152152E+008;-1.326192503974854E+000;
3.482082082082082E+008;-1.410501112442638E+000;
3.512012012012012E+008;-1.447422723888868E+000;
3.541941941941942E+008;-1.515505479892751E+000;
3.571871871871872E+008;-1.577390475115404E+000;
3.601801801801802E+008;-1.679591599191221E+000;
3.631731731731732E+008;-1.810995395438860E+000;
3.661661661661662E+008;-1.908312397834890E+000;
3.691591591591592E+008;-2.025409870514889E+000;
3.721521521521521E+008;-2.178644287732569E+000;
3.751451451451451E+008;-2.357854451858296E+000;
3.781381381381381E+008;-2.558480727638592E+000;
3.811311311311311E+008;-2.780305424834357E+000;
3.841241241241241E+008;-3.068540897004993E+000;
3.871171171171171E+008;-3.393293758035303E+000;
3.901101101101101E+008;-3.764536609890931E+000;
3.931031031031031E+008;-4.259761324397486E+000;
3.960960960960961E+008;-4.738808380178573E+000;
3.990890890890891E+008;-5.350062731280729E+000;
4.020820820820821E+008;-5.983930866394705E+000;
4.050750750750751E+008;-6.639210723512150E+000;
4.080680680680681E+008;-7.278774508298781E+000;
4.110610610610611E+008;-7.773489149332951E+000;
4.140540540540541E+008;-8.030627099332918E+000;
4.170470470470470E+008;-7.963706123715927E+000;
4.200400400400400E+008;-7.629595834413642E+000;
4.230330330330330E+008;-7.113168034391517E+000;
4.260260260260260E+008;-6.457350886737781E+000;
4.290190190190190E+008;-5.795304960089555E+000;
4.320120120120120E+008;-5.205209528936696E+000;
4.350050050050050E+008;-4.674171934765250E+000;
4.379979979979980E+008;-4.165400165217775E+000;
4.409909909909910E+008;-3.768125669244713E+000;
4.439839839839840E+008;-3.428041828434177E+000;
4.469769769769770E+008;-3.104026769878547E+000;
4.499699699699700E+008;-2.849792678296724E+000;
4.529629629629630E+008;-2.614583583261684E+000;
4.559559559559560E+008;-2.379615141306620E+000;
4.589489489489489E+008;-2.248798013268056E+000;
4.619419419419419E+008;-2.089336878633505E+000;
4.649349349349349E+008;-1.941586072308425E+000;
4.679279279279279E+008;-1.813031906546252E+000;
4.709209209209209E+008;-1.748451849350456E+000;
4.739139139139139E+008;-1.648039953717589E+000;
4.769069069069069E+008;-1.570269461821946E+000;
4.798998998998999E+008;-1.484869047034857E+000;
4.828928928928929E+008;-1.284652470024312E+000;
4.858858858858859E+008;-1.269751219223448E+000;
4.888788788788789E+008;-1.263085446638365E+000;
4.918718718718719E+008;-1.216615145760690E+000;
4.948648648648649E+008;-1.215651538229188E+000;
4.978578578578579E+008;-1.174103140176730E+000;
5.008508508508508E+008;-9.464091022736567E-001;
5.038438438438438E+008;-9.759584823182592E-001;
5.068368368368368E+008;-9.756185569765822E-001;
5.098298298298298E+008;-1.029194642810642E+000;
5.128228228228228E+008;-1.029966144176861E+000;
5.158158158158158E+008;-1.020727760614818E+000;
5.188088088088088E+008;-9.754009736106188E-001;
5.218018018018018E+008;-9.555179398639550E-001;
5.247947947947948E+008;-9.155720194983532E-001;
5.277877877877878E+008;-9.187551783827569E-001;
5.307807807807808E+008;-9.216358926884951E-001;
5.337737737737738E+008;-9.345458899542637E-001;
5.367667667667668E+008;-9.203702896007365E-001;
5.397597597597598E+008;-8.823199897068502E-001;
5.427527527527528E+008;-8.915677930686543E-001;
5.457457457457457E+008;-8.686507134848727E-001;
5.487387387387388E+008;-8.741881677940728E-001;
5.517317317317318E+008;-8.458769757541556E-001;
5.547247247247248E+008;-8.482069445909923E-001;
5.577177177177178E+008;-8.443616592018806E-001;
5.607107107107108E+008;-8.211648501763994E-001;
5.637037037037036E+008;-8.178832968172682E-001;
5.666966966966966E+008;-8.137189819526862E-001;
5.696896896896896E+008;-8.087597554324617E-001;
5.726826826826826E+008;-8.082348703837690E-001;
5.756756756756756E+008;-8.204214332187936E-001;
5.786686686686686E+008;-8.203567449073531E-001;
5.816616616616616E+008;-8.127512322270963E-001;
5.846546546546546E+008;-8.133988715606341E-001;
5.876476476476476E+008;-8.063907003031448E-001;
5.906406406406406E+008;-8.136200996635479E-001;
5.936336336336336E+008;-8.176832070534220E-001;
5.966266266266266E+008;-8.201387969410370E-001;
5.996196196196196E+008;-8.274435542851343E-001;
6.026126126126126E+008;-8.040566627332212E-001;
6.056056056056056E+008;-8.081841902943537E-001;
6.085985985985986E+008;-8.124875354651842E-001;
6.115915915915916E+008;-8.371040860094818E-001;
6.145845845845846E+008;-8.364260001958546E-001;
6.175775775775776E+008;-8.365727816506032E-001;
6.205705705705706E+008;-8.074356516813364E-001;
6.235635635635636E+008;-8.281205202869640E-001;
6.265565565565566E+008;-8.457427189036033E-001;
6.295495495495496E+008;-8.434412808478974E-001;
6.325425425425426E+008;-8.425895981088734E-001;
6.355355355355356E+008;-8.446593987634693E-001;
6.385285285285286E+008;-8.719819780084915E-001;
6.415215215215216E+008;-8.640053423142049E-001;
6.445145145145146E+008;-8.768356017374500E-001;
6.475075075075076E+008;-8.813268813386750E-001;
6.505005005005004E+008;-8.720681425828532E-001;
6.534934934934934E+008;-8.698922606867132E-001;
6.564864864864864E+008;-8.770214823520209E-001;
6.594794794794794E+008;-8.771185112296934E-001;
6.624724724724724E+008;-8.732819046441094E-001;
6.654654654654654E+008;-8.844592340270100E-001;
6.684584584584584E+008;-8.863052875631167E-001;
6.714514514514514E+008;-8.809648442210932E-001;
6.744444444444444E+008;-8.906191623291552E-001;
6.774374374374374E+008;-8.872296531154195E-001;
6.804304304304304E+008;-8.913610497547807E-001;
6.834234234234234E+008;-8.683601043255859E-001;
6.864164164164164E+008;-8.887368198027312E-001;
6.894094094094094E+008;-8.878358228847979E-001;
6.924024024024024E+008;-8.921300014082445E-001;
6.953953953953954E+008;-8.929975106114689E-001;
6.983883883883884E+008;-9.125243307486138E-001;
7.013813813813814E+008;-9.115864974461658E-001;
7.043743743743744E+008;-9.030728545693013E-001;
7.073673673673674E+008;-8.915724543327076E-001;
7.103603603603604E+008;-8.747237007766483E-001;
7.133533533533534E+008;-8.774245858133871E-001;
7.163463463463464E+008;-8.764422081968646E-001;
7.193393393393394E+008;-8.762746114240518E-001;
7.223323323323324E+008;-8.756421087424020E-001;
7.253253253253254E+008;-8.935493932162149E-001;
7.283183183183184E+008;-8.776193075271318E-001;
7.313113113113114E+008;-8.709691729425911E-001;
7.343043043043042E+008;-8.600575385543134E-001;
7.372972972972972E+008;-8.794739104401190E-001;
7.402902902902902E+008;-8.554838208191155E-001;
7.432832832832832E+008;-8.731310531259219E-001;
7.462762762762762E+008;-8.795154783297696E-001;
7.492692692692692E+008;-8.678570144067985E-001;
7.522622622622622E+008;-8.474904438470233E-001;
7.552552552552552E+008;-8.558606069887168E-001;
7.582482482482482E+008;-8.571869626322417E-001;
7.612412412412412E+008;-8.614292450130244E-001;
7.642342342342342E+008;-8.536879812665081E-001;
7.672272272272272E+008;-8.651077612854335E-001;
7.702202202202202E+008;-8.639761043719386E-001;
7.732132132132132E+008;-8.560710654886665E-001;
7.762062062062062E+008;-8.634840525256293E-001;
7.791991991991992E+008;-8.536577272357078E-001;
7.821921921921922E+008;-8.506165931236435E-001;
7.851851851851852E+008;-8.633516167960954E-001;
7.881781781781782E+008;-8.447473789493295E-001;
7.911711711711712E+008;-8.318059910684208E-001;
7.941641641641642E+008;-8.207984980331061E-001;
7.971571571571572E+008;-8.221669294016255E-001;
8.001501501501502E+008;-8.439081196316859E-001;
8.031431431431432E+008;-8.760544155183196E-001;
8.061361361361362E+008;-8.684313757895821E-001;
8.091291291291292E+008;-8.935912857946494E-001;
8.121221221221222E+008;-8.696216372548286E-001;
8.151151151151152E+008;-8.672195800951108E-001;
8.181081081081082E+008;-8.663265103820199E-001;
8.211011011011010E+008;-8.543450395796204E-001;
8.240940940940940E+008;-8.591558726140731E-001;
8.270870870870870E+008;-8.649090921951490E-001;
8.300800800800800E+008;-8.767009376063553E-001;
8.330730730730730E+008;-8.616583331490684E-001;
8.360660660660660E+008;-8.784639847553812E-001;
8.390590590590590E+008;-8.868479371005665E-001;
8.420520520520520E+008;-8.761825625791463E-001;
8.450450450450450E+008;-8.886973527600642E-001;
8.480380380380380E+008;-8.957733039705933E-001;
8.510310310310310E+008;-8.886975505143907E-001;
8.540240240240240E+008;-8.825968676346667E-001;
8.570170170170170E+008;-9.048711530937341E-001;
8.600100100100100E+008;-8.882533003128135E-001;
8.630030030030030E+008;-9.001805644074972E-001;
8.659959959959960E+008;-9.113730464539529E-001;
8.689889889889890E+008;-9.087134266111852E-001;
8.719819819819820E+008;-9.321808968851431E-001;
8.749749749749750E+008;-9.290399033193357E-001;
8.779679679679680E+008;-9.216594539891401E-001;
8.809609609609610E+008;-9.321942904956038E-001;
8.839539539539540E+008;-9.312731040663813E-001;
8.869469469469470E+008;-9.451463189670666E-001;
8.899399399399400E+008;-9.597735080950125E-001;
8.929329329329330E+008;-9.567049404654170E-001;
8.959259259259260E+008;-9.618550629716369E-001;
8.989189189189190E+008;-9.554821223800354E-001;
9.019119119119120E+008;-9.895178994869402E-001;
9.049049049049048E+008;-9.904040718354762E-001;
9.078978978978978E+008;-9.891434904441211E-001;
9.108908908908908E+008;-9.959711124552626E-001;
9.138838838838838E+008;-9.945143656147707E-001;
9.168768768768768E+008;-9.938219693183070E-001;
9.198698698698698E+008;-1.024233209372961E+000;
9.228628628628628E+008;-1.024510663376023E+000;
9.258558558558558E+008;-1.016949702040431E+000;
9.288488488488488E+008;-1.018244817676339E+000;
9.318418418418418E+008;-1.029042982526980E+000;
9.348348348348348E+008;-1.015572893170325E+000;
9.378278278278278E+008;-1.035640701663928E+000;
9.408208208208208E+008;-1.043453756894953E+000;
9.438138138138138E+008;-1.036006638080296E+000;
9.468068068068068E+008;-1.045913937828150E+000;
9.497997997997998E+008;-1.030624653887316E+000;
9.527927927927928E+008;-1.036662979678150E+000;
9.557857857857858E+008;-1.044140755727944E+000;
9.587787787787788E+008;-1.055303043514405E+000;
9.617717717717718E+008;-1.051834326337109E+000;
9.647647647647648E+008;-1.050477519821473E+000;
9.677577577577578E+008;-1.054769879830077E+000;
9.707507507507508E+008;-1.053160026269510E+000;
9.737437437437438E+008;-1.053884318413731E+000;
9.767367367367368E+008;-1.049158948769743E+000;
9.797297297297298E+008;-1.066414031204547E+000;
9.827227227227228E+008;-1.002549406558624E+000;
9.857157157157158E+008;-1.002397295766376E+000;
9.887087087087088E+008;-1.012041861983431E+000;
9.917017017017016E+008;-1.054700890908318E+000;
9.946946946946946E+008;-1.062314032269657E+000;
9.976876876876876E+008;-1.062341148978292E+000;
1.000680680680681E+009;-1.073064030114128E+000;
1.003673673673674E+009;-1.075201482883718E+000;
1.006666666666667E+009;-1.073125996251255E+000;
1.009659659659660E+009;-1.068540502381663E+000;
1.012652652652653E+009;-1.075808465387911E+000;
1.015645645645646E+009;-1.076854241378352E+000;
1.018638638638639E+009;-1.072126598678374E+000;
1.021631631631632E+009;-1.077317898008530E+000;
1.024624624624625E+009;-1.072635936153781E+000;
1.027617617617618E+009;-1.060661188775856E+000;
1.030610610610611E+009;-1.069241620772492E+000;
1.033603603603604E+009;-1.074049695748695E+000;
1.036596596596597E+009;-1.086957538784397E+000;
1.039589589589590E+009;-1.074609912958017E+000;
1.042582582582583E+009;-1.092292899406515E+000;
1.045575575575576E+009;-1.080612047860808E+000;
1.048568568568569E+009;-1.066596609434455E+000;
1.051561561561562E+009;-1.076322479346531E+000;
1.054554554554555E+009;-1.065470928061932E+000;
1.057547547547548E+009;-1.064074428881381E+000;
1.060540540540541E+009;-1.069623943866338E+000;
1.063533533533534E+009;-1.059850140006615E+000;
1.066526526526527E+009;-1.061890628147057E+000;
1.069519519519520E+009;-1.055286477526127E+000;
1.072512512512513E+009;-1.065564637607697E+000;
1.075505505505506E+009;-1.066244993000127E+000;
1.078498498498498E+009;-1.044784316891547E+000;
1.081491491491491E+009;-1.052938004929497E+000;
1.084484484484484E+009;-1.070859975214721E+000;
1.087477477477478E+009;-1.041721880837514E+000;
1.090470470470470E+009;-1.048969775870374E+000;
1.093463463463464E+009;-1.049585141803308E+000;
1.096456456456456E+009;-1.057689811328118E+000;
1.099449449449450E+009;-1.063368155409834E+000;
1.102442442442442E+009;-1.068806648363588E+000;
1.105435435435436E+009;-1.070800499198826E+000;
1.108428428428428E+009;-1.057886029530012E+000;
1.111421421421422E+009;-1.081138754888713E+000;
1.114414414414414E+009;-1.085575159284606E+000;
1.117407407407407E+009;-1.101558294539150E+000;
1.120400400400400E+009;-1.108768432077151E+000;
1.123393393393393E+009;-1.094715472488937E+000;
1.126386386386386E+009;-1.114092494536912E+000;
1.129379379379379E+009;-1.121133881452606E+000;
1.132372372372372E+009;-1.146279875279338E+000;
1.135365365365365E+009;-1.171006964256678E+000;
1.138358358358358E+009;-1.178770786476213E+000;
1.141351351351351E+009;-1.197420455145602E+000;
1.144344344344344E+009;-1.204831665634080E+000;
1.147337337337337E+009;-1.234056684769870E+000;
1.150330330330330E+009;-1.245367362996347E+000;
1.153323323323323E+009;-1.267833812820846E+000;
1.156316316316316E+009;-1.302299968948010E+000;
1.159309309309309E+009;-1.324874428447987E+000;
1.162302302302302E+009;-1.346820397529030E+000;
1.165295295295295E+009;-1.373569147950517E+000;
1.168288288288288E+009;-1.395778519809185E+000;
1.171281281281281E+009;-1.410803131342390E+000;
1.174274274274274E+009;-1.432714425535881E+000;
1.177267267267267E+009;-1.458698177453025E+000;
1.180260260260260E+009;-1.464419641790659E+000;
1.183253253253253E+009;-1.481698904523033E+000;
1.186246246246246E+009;-1.495963812106053E+000;
1.189239239239239E+009;-1.509332266645646E+000;
1.192232232232232E+009;-1.508762034966016E+000;
1.195225225225225E+009;-1.508822956548279E+000;
1.198218218218218E+009;-1.511510296884417E+000;
1.201211211211211E+009;-1.498219552661594E+000;
1.204204204204204E+009;-1.485630156447572E+000;
1.207197197197197E+009;-1.481071962666055E+000;
1.210190190190190E+009;-1.461345847801584E+000;
1.213183183183183E+009;-1.452189719643219E+000;
1.216176176176176E+009;-1.450285210940159E+000;
1.219169169169169E+009;-1.434158691123890E+000;
1.222162162162162E+009;-1.423359573648089E+000;
1.225155155155155E+009;-1.403542822749091E+000;
1.228148148148148E+009;-1.403101427525556E+000;
1.231141141141141E+009;-1.389219298352723E+000;
1.234134134134134E+009;-1.371857368353573E+000;
1.237127127127127E+009;-1.367010350722839E+000;
1.240120120120120E+009;-1.368205518026347E+000;
1.243113113113113E+009;-1.357156039202771E+000;
1.246106106106106E+009;-1.361659127903520E+000;
1.249099099099099E+009;-1.353469505003497E+000;
1.252092092092092E+009;-1.344034383438983E+000;
1.255085085085085E+009;-1.334519145312415E+000;
1.258078078078078E+009;-1.336484697785354E+000;
1.261071071071071E+009;-1.329391505807449E+000;
1.264064064064064E+009;-1.332462911459464E+000;
1.267057057057057E+009;-1.335073214703077E+000;
1.270050050050050E+009;-1.336543336085188E+000;
1.273043043043043E+009;-1.342460118151589E+000;
1.276036036036036E+009;-1.350523062686138E+000;
1.279029029029029E+009;-1.341725173120208E+000;
1.282022022022022E+009;-1.349656224617772E+000;
1.285015015015015E+009;-1.349179302142113E+000;
1.288008008008008E+009;-1.358736410080044E+000;
1.291001001001001E+009;-1.363522268978061E+000;
1.293993993993994E+009;-1.356719083581724E+000;
1.296986986986987E+009;-1.340697424102443E+000;
1.299979979979980E+009;-1.363791303979835E+000;
1.302972972972973E+009;-1.369931606743707E+000;
1.305965965965966E+009;-1.371599639586758E+000;
1.308958958958959E+009;-1.362151830281438E+000;
1.311951951951952E+009;-1.377445190864105E+000;
1.314944944944945E+009;-1.382433830773447E+000;
1.317937937937938E+009;-1.372373308283068E+000;
1.320930930930931E+009;-1.378769794615608E+000;
1.323923923923924E+009;-1.373353311242765E+000;
1.326916916916917E+009;-1.372808105807270E+000;
1.329909909909910E+009;-1.381609493028124E+000;
1.332902902902903E+009;-1.377550518673302E+000;
1.335895895895896E+009;-1.382798716492757E+000;
1.338888888888889E+009;-1.372168562382530E+000;
1.341881881881882E+009;-1.394351159709449E+000;
1.344874874874875E+009;-1.391885206090558E+000;
1.347867867867868E+009;-1.394043116454895E+000;
1.350860860860861E+009;-1.395393362230647E+000;
1.353853853853854E+009;-1.383779280426415E+000;
1.356846846846847E+009;-1.402903038457321E+000;
1.359839839839840E+009;-1.406869870159603E+000;
1.362832832832833E+009;-1.406530505877164E+000;
1.365825825825826E+009;-1.399756959593540E+000;
1.368818818818819E+009;-1.402077563927805E+000;
1.371811811811812E+009;-1.422364674899753E+000;
1.374804804804805E+009;-1.413304419612587E+000;
1.377797797797798E+009;-1.412610883908021E+000;
1.380790790790791E+009;-1.428742361675106E+000;
1.383783783783784E+009;-1.417743351686364E+000;
1.386776776776777E+009;-1.430016156214101E+000;
1.389769769769770E+009;-1.428661019935309E+000;
1.392762762762763E+009;-1.426468799303099E+000;
1.395755755755756E+009;-1.426812883435096E+000;
1.398748748748749E+009;-1.426578622364693E+000;
1.401741741741742E+009;-1.435316728903827E+000;
1.404734734734735E+009;-1.446149427900652E+000;
1.407727727727728E+009;-1.443343255456034E+000;
1.410720720720721E+009;-1.462357339950000E+000;
1.413713713713714E+009;-1.465327614494931E+000;
1.416706706706707E+009;-1.485609665953887E+000;
1.419699699699700E+009;-1.480775349078228E+000;
1.422692692692693E+009;-1.479405226712641E+000;
1.425685685685686E+009;-1.489459606987493E+000;
1.428678678678679E+009;-1.495083269826819E+000;
1.431671671671672E+009;-1.505958946202838E+000;
1.434664664664665E+009;-1.515407451926785E+000;
1.437657657657658E+009;-1.519224036932585E+000;
1.440650650650651E+009;-1.525950826017372E+000;
1.443643643643644E+009;-1.525939291949194E+000;
1.446636636636637E+009;-1.539282950807863E+000;
1.449629629629630E+009;-1.540142892773051E+000;
1.452622622622623E+009;-1.538784403393030E+000;
1.455615615615616E+009;-1.548513976050897E+000;
1.458608608608609E+009;-1.538412498820822E+000;
1.461601601601602E+009;-1.535959228534712E+000;
1.464594594594595E+009;-1.542852762647015E+000;
1.467587587587588E+009;-1.551727843653591E+000;
1.470580580580581E+009;-1.546683655755551E+000;
1.473573573573574E+009;-1.547599021949377E+000;
1.476566566566567E+009;-1.545605035436074E+000;
1.479559559559560E+009;-1.523753426156397E+000;
1.482552552552553E+009;-1.526171249433589E+000;
1.485545545545546E+009;-1.505111794356334E+000;
1.488538538538539E+009;-1.504239029458657E+000;
1.491531531531532E+009;-1.492766507904317E+000;
1.494524524524525E+009;-1.478062052875677E+000;
1.497517517517518E+009;-1.485916415645879E+000;
1.500510510510510E+009;-1.470984751974052E+000;
1.503503503503504E+009;-1.444895979652015E+000;
1.506496496496496E+009;-1.435139972235981E+000;
1.509489489489490E+009;-1.431584781140777E+000;
1.512482482482482E+009;-1.410719671239324E+000;
1.515475475475476E+009;-1.437251273230938E+000;
1.518468468468468E+009;-1.409465823745895E+000;
1.521461461461462E+009;-1.409351942996501E+000;
1.524454454454454E+009;-1.407564038820406E+000;
1.527447447447448E+009;-1.417086542937843E+000;
1.530440440440440E+009;-1.417319256145829E+000;
1.533433433433434E+009;-1.413137708555208E+000;
1.536426426426426E+009;-1.403667450170866E+000;
1.539419419419420E+009;-1.410165758287798E+000;
1.542412412412412E+009;-1.427251219274099E+000;
1.545405405405405E+009;-1.430378139163345E+000;
1.548398398398398E+009;-1.426991417793193E+000;
1.551391391391391E+009;-1.428926698407160E+000;
1.554384384384384E+009;-1.432926503234990E+000;
1.557377377377377E+009;-1.441959099014430E+000;
1.560370370370370E+009;-1.448115606760514E+000;
1.563363363363363E+009;-1.443690717610658E+000;
1.566356356356356E+009;-1.459189156900971E+000;
1.569349349349349E+009;-1.478450639201157E+000;
1.572342342342342E+009;-1.466762595924176E+000;
1.575335335335335E+009;-1.477725220144516E+000;
1.578328328328328E+009;-1.475717924278731E+000;
1.581321321321321E+009;-1.481989657508339E+000;
1.584314314314314E+009;-1.498022154207756E+000;
1.587307307307307E+009;-1.497331165988166E+000;
1.590300300300300E+009;-1.511783933973166E+000;
1.593293293293293E+009;-1.510875555794467E+000;
1.596286286286286E+009;-1.520560921216820E+000;
1.599279279279279E+009;-1.540965161766567E+000;
1.602272272272272E+009;-1.546303629587133E+000;
1.605265265265265E+009;-1.564503683037097E+000;
1.608258258258258E+009;-1.552872644038191E+000;
1.611251251251251E+009;-1.569899936251235E+000;
1.614244244244244E+009;-1.588181535390569E+000;
1.617237237237237E+009;-1.591520871576134E+000;
1.620230230230230E+009;-1.615045676506117E+000;
1.623223223223223E+009;-1.632659403446201E+000;
1.626216216216216E+009;-1.658258467013395E+000;
1.629209209209209E+009;-1.670546051401405E+000;
1.632202202202202E+009;-1.665574174725223E+000;
1.635195195195195E+009;-1.662893978973267E+000;
1.638188188188188E+009;-1.683073521076939E+000;
1.641181181181181E+009;-1.683199969372898E+000;
1.644174174174174E+009;-1.691716463292171E+000;
1.647167167167167E+009;-1.676115088747689E+000;
1.650160160160160E+009;-1.681134001046475E+000;
1.653153153153153E+009;-1.686623079157623E+000;
1.656146146146146E+009;-1.686397958367324E+000;
1.659139139139139E+009;-1.690834270590448E+000;
1.662132132132132E+009;-1.688736054212064E+000;
1.665125125125125E+009;-1.712644641035451E+000;
1.668118118118118E+009;-1.708789211335576E+000;
1.671111111111111E+009;-1.706124634077298E+000;
1.674104104104104E+009;-1.714992632063209E+000;
1.677097097097097E+009;-1.718938968173204E+000;
1.680090090090090E+009;-1.748098993759978E+000;
1.683083083083083E+009;-1.734228017925116E+000;
1.686076076076076E+009;-1.741205593353566E+000;
1.689069069069069E+009;-1.752667827805200E+000;
1.692062062062062E+009;-1.768348780079294E+000;
1.695055055055055E+009;-1.770500276989770E+000;
1.698048048048048E+009;-1.786572617771030E+000;
1.701041041041041E+009;-1.786904400543190E+000;
1.704034034034034E+009;-1.796272097889365E+000;
1.707027027027027E+009;-1.783104405811665E+000;
1.710020020020020E+009;-1.770517997724278E+000;
1.713013013013013E+009;-1.778765594384303E+000;
1.716006006006006E+009;-1.788612113957185E+000;
1.718998998998999E+009;-1.786622031035407E+000;
1.721991991991992E+009;-1.799327248789170E+000;
1.724984984984985E+009;-1.780357531674274E+000;
1.727977977977978E+009;-1.787859489390796E+000;
1.730970970970971E+009;-1.784430868541144E+000;
1.733963963963964E+009;-1.760160506315659E+000;
1.736956956956957E+009;-1.770020085255605E+000;
1.739949949949950E+009;-1.758605796441041E+000;
1.742942942942943E+009;-1.742899572446364E+000;
1.745935935935936E+009;-1.745883844695647E+000;
1.748928928928929E+009;-1.735388831009636E+000;
1.751921921921922E+009;-1.722719970660384E+000;
1.754914914914915E+009;-1.729007401833359E+000;
1.757907907907908E+009;-1.720925030610482E+000;
1.760900900900901E+009;-1.707681218862442E+000;
1.763893893893894E+009;-1.691257279913178E+000;
1.766886886886887E+009;-1.698174753919545E+000;
1.769879879879880E+009;-1.676120740726486E+000;
1.772872872872873E+009;-1.672162292121602E+000;
1.775865865865866E+009;-1.664968480343949E+000;
1.778858858858859E+009;-1.637774693560530E+000;
1.781851851851852E+009;-1.640660251032588E+000;
1.784844844844845E+009;-1.645796618991044E+000;
1.787837837837838E+009;-1.628470751941598E+000;
1.790830830830831E+009;-1.615562384984578E+000;
1.793823823823824E+009;-1.615184368009129E+000;
1.796816816816817E+009;-1.614790708478950E+000;
1.799809809809810E+009;-1.617976253210010E+000;
1.802802802802803E+009;-1.619741263325132E+000;
1.805795795795796E+009;-1.615445450342412E+000;
1.808788788788789E+009;-1.626803980094389E+000;
1.811781781781782E+009;-1.632796542367591E+000;
1.814774774774775E+009;-1.645707092276551E+000;
1.817767767767768E+009;-1.646469742173237E+000;
1.820760760760761E+009;-1.669167640988052E+000;
1.823753753753754E+009;-1.655860973526196E+000;
1.826746746746747E+009;-1.675115296788954E+000;
1.829739739739740E+009;-1.686281940401763E+000;
1.832732732732733E+009;-1.701802897338688E+000;
1.835725725725726E+009;-1.717698097892416E+000;
1.838718718718719E+009;-1.697803370321502E+000;
1.841711711711712E+009;-1.700065946608955E+000;
1.844704704704705E+009;-1.697759286877400E+000;
1.847697697697698E+009;-1.719903037804250E+000;
1.850690690690691E+009;-1.704321404617120E+000;
1.853683683683684E+009;-1.709504408431288E+000;
1.856676676676677E+009;-1.691674932937668E+000;
1.859669669669670E+009;-1.675896839497004E+000;
1.862662662662663E+009;-1.664769136022616E+000;
1.865655655655656E+009;-1.650403358007970E+000;
1.868648648648649E+009;-1.628373397716334E+000;
1.871641641641642E+009;-1.601080368649473E+000;
1.874634634634635E+009;-1.562925365620833E+000;
1.877627627627628E+009;-1.531947693478630E+000;
1.880620620620621E+009;-1.507936964627130E+000;
1.883613613613614E+009;-1.482467093931912E+000;
1.886606606606607E+009;-1.464307612126994E+000;
1.889599599599600E+009;-1.444442857675080E+000;
1.892592592592593E+009;-1.425332305146418E+000;
1.895585585585586E+009;-1.419539946369988E+000;
1.898578578578579E+009;-1.395383386288975E+000;
1.901571571571572E+009;-1.379873576237439E+000;
1.904564564564565E+009;-1.347912063869237E+000;
1.907557557557558E+009;-1.356371074756363E+000;
1.910550550550551E+009;-1.337543536206597E+000;
1.913543543543544E+009;-1.329809698822987E+000;
1.916536536536537E+009;-1.329873921386993E+000;
1.919529529529530E+009;-1.322753974703065E+000;
1.922522522522522E+009;-1.311532324989003E+000;
1.925515515515516E+009;-1.310816067181295E+000;
1.928508508508508E+009;-1.324494627439305E+000;
1.931501501501502E+009;-1.316895770509504E+000;
1.934494494494494E+009;-1.314984139485680E+000;
1.937487487487488E+009;-1.304429004861720E+000;
1.940480480480480E+009;-1.306158425066923E+000;
1.943473473473474E+009;-1.302482271658747E+000;
1.946466466466466E+009;-1.302390441153995E+000;
1.949459459459460E+009;-1.310734910191026E+000;
1.952452452452452E+009;-1.299903399974131E+000;
1.955445445445446E+009;-1.302461479473193E+000;
1.958438438438438E+009;-1.290271986106309E+000;
1.961431431431432E+009;-1.298684741078728E+000;
1.964424424424424E+009;-1.285540891493755E+000;
1.967417417417418E+009;-1.295220303960338E+000;
1.970410410410410E+009;-1.287613812595407E+000;
1.973403403403403E+009;-1.289723292674913E+000;
1.976396396396396E+009;-1.267412683503768E+000;
1.979389389389389E+009;-1.284067273059246E+000;
1.982382382382382E+009;-1.304400799532978E+000;
1.985375375375375E+009;-1.277755088276847E+000;
1.988368368368368E+009;-1.274349462341036E+000;
1.991361361361361E+009;-1.277520868311272E+000;
1.994354354354354E+009;-1.246193055416637E+000;
1.997347347347347E+009;-1.267613818763074E+000;
2.000340340340340E+009;-1.268588945258504E+000;
2.003333333333333E+009;-1.264913864792934E+000;
2.006326326326326E+009;-1.259095627002839E+000;
2.009319319319319E+009;-1.231595552069198E+000;
2.012312312312312E+009;-1.256934943327774E+000;
2.015305305305305E+009;-1.236442136480187E+000;
2.018298298298298E+009;-1.226526215243027E+000;
2.021291291291291E+009;-1.214623719954758E+000;
2.024284284284284E+009;-1.205344717377803E+000;
2.027277277277277E+009;-1.197522469064714E+000;
2.030270270270270E+009;-1.220439257308101E+000;
2.033263263263263E+009;-1.237000296800732E+000;
2.036256256256256E+009;-1.207490513685699E+000;
2.039249249249249E+009;-1.196370223792337E+000;
2.042242242242242E+009;-1.183084290747278E+000;
2.045235235235235E+009;-1.192114957642406E+000;
2.048228228228228E+009;-1.191800007441834E+000;
2.051221221221221E+009;-1.197155543995201E+000;
2.054214214214214E+009;-1.181664727535851E+000;
2.057207207207207E+009;-1.186510305079621E+000;
2.060200200200200E+009;-1.175601196167107E+000;
2.063193193193193E+009;-1.188145225654366E+000;
2.066186186186186E+009;-1.172881541911270E+000;
2.069179179179179E+009;-1.172394872829377E+000;
2.072172172172172E+009;-1.147930962379910E+000;
2.075165165165165E+009;-1.156512583564013E+000;
2.078158158158158E+009;-1.139572722229785E+000;
2.081151151151151E+009;-1.158857135392558E+000;
2.084144144144144E+009;-1.150912458550236E+000;
2.087137137137137E+009;-1.153392207925944E+000;
2.090130130130130E+009;-1.144127325964017E+000;
2.093123123123123E+009;-1.154588695359178E+000;
2.096116116116116E+009;-1.154693717478862E+000;
2.099109109109109E+009;-1.154669660211171E+000;
2.102102102102102E+009;-1.132269389574960E+000;
2.105095095095095E+009;-1.141498287719189E+000;
2.108088088088088E+009;-1.142251341448306E+000;
2.111081081081081E+009;-1.161648599618766E+000;
2.114074074074074E+009;-1.127454185991852E+000;
2.117067067067067E+009;-1.138583007467209E+000;
2.120060060060060E+009;-1.147895901796750E+000;
2.123053053053053E+009;-1.155758313110635E+000;
2.126046046046046E+009;-1.151827030797028E+000;
2.129039039039039E+009;-1.150739001025484E+000;
2.132032032032032E+009;-1.149651160800921E+000;
2.135025025025025E+009;-1.153250120886271E+000;
2.138018018018018E+009;-1.153687413211838E+000;
2.141011011011011E+009;-1.146590392411747E+000;
2.144004004004004E+009;-1.161295618131540E+000;
2.146996996996997E+009;-1.160731511986247E+000;
2.149989989989990E+009;-1.175934596986075E+000;
2.152982982982983E+009;-1.174147011232981E+000;
2.155975975975976E+009;-1.181220469467209E+000;
2.158968968968969E+009;-1.188252499641051E+000;
2.161961961961962E+009;-1.193204898025024E+000;
2.164954954954955E+009;-1.197324399576389E+000;
2.167947947947948E+009;-1.216440905207560E+000;
2.170940940940941E+009;-1.200236803323327E+000;
2.173933933933934E+009;-1.221485443197706E+000;
2.176926926926927E+009;-1.216319337790003E+000;
2.179919919919920E+009;-1.217776204376606E+000;
2.182912912912913E+009;-1.236350240350918E+000;
2.185905905905906E+009;-1.249470846618365E+000;
2.188898898898899E+009;-1.237311469915323E+000;
2.191891891891892E+009;-1.264428860058154E+000;
2.194884884884885E+009;-1.269032679753263E+000;
2.197877877877878E+009;-1.249521728323375E+000;
2.200870870870871E+009;-1.276645786352385E+000;
2.203863863863864E+009;-1.276001361348725E+000;
2.206856856856857E+009;-1.308314851053226E+000;
2.209849849849850E+009;-1.293623833962608E+000;
2.212842842842843E+009;-1.314840146547313E+000;
2.215835835835836E+009;-1.308765706823601E+000;
2.218828828828829E+009;-1.318920086433573E+000;
2.221821821821822E+009;-1.326603936820581E+000;
2.224814814814815E+009;-1.330190265101866E+000;
2.227807807807808E+009;-1.338713260296626E+000;
2.230800800800801E+009;-1.340292824385968E+000;
2.233793793793794E+009;-1.355044173242144E+000;
2.236786786786787E+009;-1.352632750076939E+000;
2.239779779779780E+009;-1.358520062882584E+000;
2.242772772772773E+009;-1.370394156423699E+000;
2.245765765765766E+009;-1.359895945428295E+000;
2.248758758758759E+009;-1.382980479749093E+000;
2.251751751751752E+009;-1.377803440155155E+000;
2.254744744744745E+009;-1.381956375916087E+000;
2.257737737737738E+009;-1.397252008226670E+000;
2.260730730730731E+009;-1.373477805859105E+000;
2.263723723723724E+009;-1.386388139710546E+000;
2.266716716716717E+009;-1.379557110699256E+000;
2.269709709709710E+009;-1.385776046802150E+000;
2.272702702702703E+009;-1.381857613515024E+000;
2.275695695695696E+009;-1.394401605004208E+000;
2.278688688688689E+009;-1.388142490098657E+000;
2.281681681681682E+009;-1.378094394971724E+000;
2.284674674674675E+009;-1.377213222571335E+000;
2.287667667667668E+009;-1.375939869294579E+000;
2.290660660660661E+009;-1.394624996403012E+000;
2.293653653653654E+009;-1.388359906629088E+000;
2.296646646646647E+009;-1.385516079418623E+000;
2.299639639639640E+009;-1.405571861526890E+000;
2.302632632632633E+009;-1.402880288588127E+000;
2.305625625625626E+009;-1.391782269843823E+000;
2.308618618618619E+009;-1.407416679971565E+000;
2.311611611611611E+009;-1.400149262502892E+000;
2.314604604604605E+009;-1.397503356333702E+000;
2.317597597597598E+009;-1.381992955470757E+000;
2.320590590590591E+009;-1.381270957576191E+000;
2.323583583583583E+009;-1.382418713523439E+000;
2.326576576576577E+009;-1.374877496739519E+000;
2.329569569569570E+009;-1.360455803808418E+000;
2.332562562562563E+009;-1.377965409384266E+000;
2.335555555555555E+009;-1.371264342968113E+000;
2.338548548548549E+009;-1.364507166632183E+000;
2.341541541541542E+009;-1.373884851472176E+000;
2.344534534534535E+009;-1.370611367589327E+000;
2.347527527527527E+009;-1.351597598556805E+000;
2.350520520520521E+009;-1.370413199819466E+000;
2.353513513513514E+009;-1.353695452832481E+000;
2.356506506506506E+009;-1.353074283529032E+000;
2.359499499499499E+009;-1.362651292970047E+000;
2.362492492492493E+009;-1.356491669221488E+000;
2.365485485485486E+009;-1.337471371140695E+000;
2.368478478478478E+009;-1.345026510981222E+000;
2.371471471471471E+009;-1.334714326864593E+000;
2.374464464464465E+009;-1.330311577620640E+000;
2.377457457457458E+009;-1.331312720073895E+000;
2.380450450450450E+009;-1.314776701889695E+000;
2.383443443443443E+009;-1.331865228195733E+000;
2.386436436436437E+009;-1.318500398967460E+000;
2.389429429429430E+009;-1.316155563409172E+000;
2.392422422422422E+009;-1.316805489691188E+000;
2.395415415415415E+009;-1.304137163905114E+000;
2.398408408408408E+009;-1.297627348258388E+000;
2.401401401401402E+009;-1.290372232056488E+000;
2.404394394394394E+009;-1.282690959752675E+000;
2.407387387387387E+009;-1.295584896335749E+000;
2.410380380380380E+009;-1.291417682855490E+000;
2.413373373373374E+009;-1.294096248671463E+000;
2.416366366366366E+009;-1.286242733462438E+000;
2.419359359359359E+009;-1.291135052760558E+000;
2.422352352352352E+009;-1.274579662476277E+000;
2.425345345345346E+009;-1.274559229834387E+000;
2.428338338338338E+009;-1.265736200256736E+000;
2.431331331331331E+009;-1.279410523960240E+000;
2.434324324324324E+009;-1.286453284345026E+000;
2.437317317317318E+009;-1.275456113529812E+000;
2.440310310310310E+009;-1.278391963560887E+000;
2.443303303303303E+009;-1.274518829745450E+000;
2.446296296296296E+009;-1.270243156051654E+000;
2.449289289289290E+009;-1.298938368939164E+000;
2.452282282282282E+009;-1.283789506688147E+000;
2.455275275275275E+009;-1.286518071117575E+000;
2.458268268268268E+009;-1.289016558444018E+000;
2.461261261261262E+009;-1.275315399994517E+000;
2.464254254254254E+009;-1.319978298639194E+000;
2.467247247247247E+009;-1.310213670458373E+000;
2.470240240240240E+009;-1.299449826654435E+000;
2.473233233233234E+009;-1.307618709071206E+000;
2.476226226226226E+009;-1.312602331182423E+000;
2.479219219219219E+009;-1.337769049892395E+000;
2.482212212212212E+009;-1.323867521947443E+000;
2.485205205205205E+009;-1.481009910851233E+000;
2.488198198198198E+009;-1.448041214796118E+000;
2.491191191191191E+009;-1.405745575409712E+000;
2.494184184184184E+009;-1.366520152681941E+000;
2.497177177177177E+009;-1.360036364877272E+000;
2.500170170170170E+009;-1.322918114713365E+000;
2.503163163163163E+009;-1.304178034865847E+000;
2.506156156156156E+009;-1.298157246741446E+000;
2.509149149149149E+009;-1.324347299372508E+000;
2.512142142142142E+009;-1.357085117734028E+000;
2.515135135135135E+009;-1.379488403803921E+000;
2.518128128128128E+009;-1.399102617686022E+000;
2.521121121121121E+009;-1.389608102240258E+000;
2.524114114114114E+009;-1.409941948745730E+000;
2.527107107107107E+009;-1.402228062446605E+000;
2.530100100100100E+009;-1.408443997509796E+000;
2.533093093093093E+009;-1.427340607405982E+000;
2.536086086086086E+009;-1.440592321267994E+000;
2.539079079079079E+009;-1.434870242105733E+000;
2.542072072072072E+009;-1.432833423519129E+000;
2.545065065065065E+009;-1.433703326704915E+000;
2.548058058058058E+009;-1.437847046048700E+000;
2.551051051051051E+009;-1.467559521185778E+000;
2.554044044044044E+009;-1.501013859648383E+000;
2.557037037037037E+009;-1.467270274688339E+000;
2.560030030030030E+009;-1.468320871077369E+000;
2.563023023023023E+009;-1.492946596121427E+000;
2.566016016016016E+009;-1.484132165392687E+000;
2.569009009009009E+009;-1.501950484310755E+000;
2.572002002002002E+009;-1.509640126864498E+000;
2.574994994994995E+009;-1.488913740665509E+000;
2.577987987987988E+009;-1.518055737811826E+000;
2.580980980980981E+009;-1.530470111863784E+000;
2.583973973973974E+009;-1.538076407303796E+000;
2.586966966966967E+009;-1.545931406668299E+000;
2.589959959959960E+009;-1.522195436439880E+000;
2.592952952952953E+009;-1.533744444157573E+000;
2.595945945945946E+009;-1.552465476521626E+000;
2.598938938938939E+009;-1.564155557184078E+000;
2.601931931931932E+009;-1.564406412094188E+000;
2.604924924924925E+009;-1.552992233001893E+000;
2.607917917917918E+009;-1.568773272379350E+000;
2.610910910910911E+009;-1.542926117296672E+000;
2.613903903903904E+009;-1.549752532087418E+000;
2.616896896896897E+009;-1.570546372711392E+000;
2.619889889889890E+009;-1.570170982995095E+000;
2.622882882882883E+009;-1.560784356929728E+000;
2.625875875875876E+009;-1.585493525874722E+000;
2.628868868868869E+009;-1.587165125482842E+000;
2.631861861861862E+009;-1.590444113660971E+000;
2.634854854854855E+009;-1.582615493294986E+000;
2.637847847847848E+009;-1.589190300658707E+000;
2.640840840840841E+009;-1.600749844028112E+000;
2.643833833833834E+009;-1.549019559546256E+000;
2.646826826826827E+009;-1.559541519439917E+000;
2.649819819819820E+009;-1.592662214280997E+000;
2.652812812812813E+009;-1.583365651293644E+000;
2.655805805805806E+009;-1.563877347071147E+000;
2.658798798798799E+009;-1.579179017299933E+000;
2.661791791791792E+009;-1.585691785332412E+000;
2.664784784784785E+009;-1.589126116159060E+000;
2.667777777777778E+009;-1.600426579280837E+000;
2.670770770770771E+009;-1.597335092654338E+000;
2.673763763763764E+009;-1.578243786203104E+000;
2.676756756756757E+009;-1.573361440710955E+000;
2.679749749749750E+009;-1.585351329892460E+000;
2.682742742742743E+009;-1.564700747759675E+000;
2.685735735735736E+009;-1.580692280028025E+000;
2.688728728728729E+009;-1.571149460692236E+000;
2.691721721721722E+009;-1.568171812839944E+000;
2.694714714714715E+009;-1.580195783911666E+000;
2.697707707707708E+009;-1.558368116797094E+000;
2.700700700700701E+009;-1.565830086587314E+000;
2.703693693693694E+009;-1.581274189556040E+000;
2.706686686686687E+009;-1.595608071707584E+000;
2.709679679679680E+009;-1.572436196298045E+000;
2.712672672672673E+009;-1.555834474836885E+000;
2.715665665665666E+009;-1.575935442483499E+000;
2.718658658658659E+009;-1.593594310522839E+000;
2.721651651651652E+009;-1.569663045601691E+000;
2.724644644644645E+009;-1.583541143285701E+000;
2.727637637637638E+009;-1.589036228544903E+000;
2.730630630630631E+009;-1.564491278184321E+000;
2.733623623623624E+009;-1.584240714738904E+000;
2.736616616616617E+009;-1.581311983565019E+000;
2.739609609609610E+009;-1.576260915105282E+000;
2.742602602602603E+009;-1.573184539467130E+000;
2.745595595595595E+009;-1.576003407801367E+000;
2.748588588588589E+009;-1.575329749617558E+000;
2.751581581581582E+009;-1.567142363588644E+000;
2.754574574574575E+009;-1.577833071477098E+000;
2.757567567567567E+009;-1.579766645084731E+000;
2.760560560560561E+009;-1.575021574331925E+000;
2.763553553553554E+009;-1.577174653684972E+000;
2.766546546546547E+009;-1.579441731225119E+000;
2.769539539539539E+009;-1.586246916095367E+000;
2.772532532532533E+009;-1.586813589196300E+000;
2.775525525525526E+009;-1.563591036720070E+000;
2.778518518518518E+009;-1.587295281328737E+000;
2.781511511511511E+009;-1.571986782009853E+000;
2.784504504504505E+009;-1.549482470644797E+000;
2.787497497497498E+009;-1.572119788999158E+000;
2.790490490490490E+009;-1.572823335505782E+000;
2.793483483483483E+009;-1.544937355878930E+000;
2.796476476476477E+009;-1.568344097460405E+000;
2.799469469469470E+009;-1.559056860203580E+000;
2.802462462462462E+009;-1.569508198589809E+000;
2.805455455455455E+009;-1.551652790078485E+000;
2.808448448448449E+009;-1.577261493572978E+000;
2.811441441441442E+009;-1.574344863912022E+000;
2.814434434434434E+009;-1.595375154343281E+000;
2.817427427427427E+009;-1.555850100363657E+000;
2.820420420420420E+009;-1.590972486146630E+000;
2.823413413413414E+009;-1.585729308096134E+000;
2.826406406406406E+009;-1.588137152013812E+000;
2.829399399399399E+009;-1.601756894978491E+000;
2.832392392392392E+009;-1.591634031297248E+000;
2.835385385385386E+009;-1.614585863108276E+000;
2.838378378378378E+009;-1.616418799316521E+000;
2.841371371371371E+009;-1.594214300005147E+000;
2.844364364364364E+009;-1.607239131480281E+000;
2.847357357357358E+009;-1.614283593603231E+000;
2.850350350350350E+009;-1.607732920071094E+000;
2.853343343343343E+009;-1.607896412119425E+000;
2.856336336336336E+009;-1.640057050638498E+000;
2.859329329329330E+009;-1.641675961766992E+000;
2.862322322322322E+009;-1.661753713844510E+000;
2.865315315315315E+009;-1.627222807707761E+000;
2.868308308308308E+009;-1.658510203064979E+000;
2.871301301301302E+009;-1.648947646532601E+000;
2.874294294294294E+009;-1.644871942584846E+000;
2.877287287287287E+009;-1.646276207290551E+000;
2.880280280280280E+009;-1.646381458990616E+000;
2.883273273273274E+009;-1.655854954289302E+000;
2.886266266266266E+009;-1.690559842704489E+000;
2.889259259259259E+009;-1.697773999735411E+000;
2.892252252252252E+009;-1.696479516774179E+000;
2.895245245245246E+009;-1.694541449488542E+000;
2.898238238238238E+009;-1.690995576848333E+000;
2.901231231231231E+009;-1.690772253714698E+000;
2.904224224224224E+009;-1.701055241057515E+000;
2.907217217217217E+009;-1.723443276401330E+000;
2.910210210210210E+009;-1.704778445122956E+000;
2.913203203203203E+009;-1.711774761184231E+000;
2.916196196196196E+009;-1.712138098853674E+000;
2.919189189189189E+009;-1.716157880378276E+000;
2.922182182182182E+009;-1.714072090874714E+000;
2.925175175175175E+009;-1.721257117318354E+000;
2.928168168168168E+009;-1.742749497616376E+000;
2.931161161161161E+009;-1.726315789491843E+000;
2.934154154154154E+009;-1.728286426356740E+000;
2.937147147147147E+009;-1.718099628413525E+000;
2.940140140140140E+009;-1.737781055631978E+000;
2.943133133133133E+009;-1.727074942242940E+000;
2.946126126126126E+009;-1.744105953615349E+000;
2.949119119119119E+009;-1.721996236522897E+000;
2.952112112112112E+009;-1.715116574561569E+000;
2.955105105105105E+009;-1.718414905671512E+000;
2.958098098098098E+009;-1.729767210373060E+000;
2.961091091091091E+009;-1.726960913120346E+000;
2.964084084084084E+009;-1.714400573806205E+000;
2.967077077077077E+009;-1.728035433256183E+000;
2.970070070070070E+009;-1.732795914622938E+000;
2.973063063063063E+009;-1.733120226295139E+000;
2.976056056056056E+009;-1.718012285584034E+000;
2.979049049049049E+009;-1.704479315955400E+000;
2.982042042042042E+009;-1.707196659994681E+000;
2.985035035035035E+009;-1.692188371448659E+000;
2.988028028028028E+009;-1.702319763896019E+000;
2.991021021021021E+009;-1.702952424329551E+000;
2.994014014014014E+009;-1.693686075055178E+000;
2.997007007007007E+009;-1.674490997904173E+000;
3.000000000000000E+009;-1.686504307706569E+000;
